Squad,# Pl,Age,Poss,Playing Time MP,Playing Time Starts,Playing Time Min,Playing Time 90s,Performance Gls,Performance Ast,Performance G-PK,Performance PK,Performance PKatt,Performance CrdY,Performance CrdR,Per 90 Minutes Gls,Per 90 Minutes Ast,Per 90 Minutes G+A,Per 90 Minutes G-PK,Per 90 Minutes G+A-PK,Expected xG,Expected npxG,Expected xA,Expected npxG+xA,Per 90 xG,Per 90 xA,Per 90 xG+xA,Per 90 npxG,Per 90 npxG+xA
ar Argentina,20,29.6,65.3,4,44,360,4.0,6,6,6,0,1,6,0,1.50,1.50,3.00,1.50,3.00,4.9,4.1,3.0,7.1,1.23,0.75,1.97,1.04,1.78
au Australia,15,27.7,51.7,3,33,270,3.0,2,0,0,2,2,7,0,0.67,0.00,0.67,0.00,0.00,3.5,2.0,1.6,3.6,1.16,0.55,1.71,0.66,1.21
be Belgium,21,27.7,52.9,7,77,630,7.0,15,12,14,1,1,1,0,2.14,1.71,3.86,2.00,3.71,11.8,11.1,9.1,20.2,1.69,1.30,2.99,1.58,2.88
br Brazil,18,28.2,58.6,5,55,450,5.0,8,7,8,0,0,3,0,1.60,1.40,3.00,1.60,3.00,11.8,11.8,9.0,20.8,2.36,1.80,4.16,2.36,4.16
co Colombia,20,26.8,50.5,4,44,390,4.3,6,5,6,0,0,3,1,1.38,1.15,2.54,1.38,2.54,2.7,2.7,2.3,5.1,0.63,0.54,1.17,0.63,1.17
cr Costa Rica,20,29.9,39.3,3,33,270,3.0,1,1,1,0,1,6,0,0.33,0.33,0.67,0.33,0.67,2.1,1.3,1.1,2.5,0.70,0.38,1.07,0.44,0.82
hr Croatia,21,28.8,56.6,7,77,720,8.0,13,8,12,1,2,4,0,1.62,1.00,2.62,1.50,2.50,10.2,8.7,5.8,14.5,1.28,0.72,2.00,1.09,1.81
dk Denmark,20,26.9,43.8,4,44,390,4.3,3,3,3,0,0,5,0,0.69,0.69,1.38,0.69,1.38,2.8,2.8,2.3,5.1,0.65,0.52,1.17,0.65,1.17
eg Egypt,16,28.9,43.3,3,33,270,3.0,2,1,1,1,1,5,0,0.67,0.33,1.00,0.33,0.67,2.6,1.8,1.5,3.3,0.87,0.49,1.36,0.61,1.10
eng England,21,25.5,54.4,7,77,690,7.7,12,6,9,3,3,2,0,1.57,0.78,2.35,1.17,1.96,10.0,7.7,5.3,13.1,1.31,0.70,2.00,1.01,1.70
fr France,21,25.5,48.6,7,77,630,7.0,12,6,9,3,3,3,0,1.71,0.86,2.57,1.29,2.14,8.1,5.8,3.8,9.6,1.16,0.54,1.70,0.83,1.37
de Germany,20,27.2,72.0,3,33,270,3.0,2,2,2,0,0,3,1,0.67,0.67,1.33,0.67,1.33,5.9,5.9,4.6,10.5,1.98,1.54,3.52,1.98,3.52
is Iceland,18,30.0,33.0,3,33,270,3.0,2,0,1,1,2,3,0,0.67,0.00,0.67,0.33,0.33,4.1,2.6,1.8,4.4,1.37,0.60,1.97,0.86,1.47
ir IR Iran,16,26.2,29.0,3,33,270,3.0,1,0,0,1,1,7,0,0.33,0.00,0.33,0.00,0.00,2.2,1.5,0.9,2.4,0.74,0.29,1.04,0.50,0.79
jp Japan,18,29.2,53.0,4,44,360,4.0,6,5,5,1,1,4,0,1.50,1.25,2.75,1.25,2.50,4.5,4.0,3.1,7.1,1.12,0.79,1.91,1.00,1.78
kr Korea Republic,19,27.1,37.3,3,33,270,3.0,3,2,3,0,0,10,0,1.00,0.67,1.67,1.00,1.67,2.9,2.9,2.0,4.9,0.98,0.67,1.65,0.98,1.65
mx Mexico,19,27.8,52.5,4,44,360,4.0,3,2,2,1,1,5,0,0.75,0.50,1.25,0.50,1.00,4.7,4.0,2.8,6.7,1.18,0.69,1.87,0.99,1.68
ma Morocco,19,28.6,49.0,3,33,270,3.0,2,1,2,0,0,8,0,0.67,0.33,1.00,0.67,1.00,3.1,3.1,1.6,4.6,1.02,0.53,1.55,1.02,1.55
ng Nigeria,16,24.8,47.3,3,33,270,3.0,3,2,2,1,1,4,0,1.00,0.67,1.67,0.67,1.33,3.1,2.3,1.9,4.2,1.02,0.64,1.66,0.77,1.41
pa Panama,20,28.3,36.0,3,33,270,3.0,1,1,1,0,0,11,0,0.33,0.33,0.67,0.33,0.67,2.3,2.3,1.9,4.1,0.76,0.62,1.38,0.76,1.38
pe Peru,17,27.5,50.3,3,33,270,3.0,2,1,2,0,1,5,0,0.67,0.33,1.00,0.67,1.00,2.6,1.8,1.4,3.2,0.85,0.46,1.31,0.60,1.06
pl Poland,21,27.6,50.3,3,33,270,3.0,2,2,2,0,0,3,0,0.67,0.67,1.33,0.67,1.33,2.6,2.6,1.9,4.5,0.88,0.64,1.51,0.88,1.51
pt Portugal,18,28.3,53.8,4,44,360,4.0,6,4,5,1,2,1,0,1.50,1.00,2.50,1.25,2.25,4.5,3.0,1.9,4.9,1.13,0.47,1.60,0.75,1.22
ru Russia,19,28.8,37.6,5,55,510,5.7,10,8,9,1,1,4,1,1.76,1.41,3.18,1.59,3.00,4.4,3.6,3.1,6.7,0.77,0.54,1.31,0.64,1.18
sa Saudi Arabia,20,28.1,59.0,3,33,270,3.0,2,1,1,1,2,1,0,0.67,0.33,1.00,0.33,0.67,2.9,1.4,0.9,2.3,0.98,0.30,1.28,0.47,0.77
sn Senegal,18,26.0,42.0,3,33,270,3.0,3,1,3,0,0,6,0,1.00,0.33,1.33,1.00,1.33,3.3,3.3,1.5,4.7,1.09,0.49,1.58,1.09,1.58
rs Serbia,18,27.9,42.7,3,33,270,3.0,2,1,2,0,0,9,0,0.67,0.33,1.00,0.67,1.00,3.5,3.5,2.2,5.6,1.15,0.73,1.88,1.15,1.88
es Spain,17,28.9,74.0,4,44,390,4.3,6,3,6,0,0,1,0,1.38,0.69,2.08,1.38,2.08,7.6,7.6,6.0,13.5,1.74,1.37,3.12,1.74,3.12
se Sweden,19,28.5,37.6,5,55,450,5.0,5,3,3,2,2,5,0,1.00,0.60,1.60,0.60,1.20,6.8,5.3,3.7,9.0,1.36,0.74,2.10,1.05,1.79
ch Switzerland,17,27.4,58.8,4,44,360,4.0,5,4,5,0,0,7,0,1.25,1.00,2.25,1.25,2.25,3.6,3.6,3.0,6.7,0.91,0.76,1.67,0.91,1.67
tn Tunisia,23,26.2,52.7,3,33,270,3.0,5,4,4,1,1,4,0,1.67,1.33,3.00,1.33,2.67,4.8,4.1,3.5,7.5,1.61,1.16,2.77,1.36,2.51
uy Uruguay,19,27.6,46.6,5,55,450,5.0,6,4,6,0,0,1,0,1.20,0.80,2.00,1.20,2.00,5.9,5.9,3.5,9.4,1.18,0.71,1.88,1.18,1.88